BA0:0.969448
BA1:0.969448
BA2:0.725740
BA3:0.574891
BA4:0.642484
BA5:0.616046
BA6:0.967685
BA7:0.967685
BA8:0.751359
BA9:0.458987
BA10:0.654152
BA11:0.719187
BA12:0.677665
BA13:0.717909
BA14:0.973563
BA15:0.705966
BA16:0.600044
BA17:0.776687
BA18:0.705820
BA19:0.709839
BA20:0.755719
BA21:0.974559
BA22:0.745822
BA23:0.749883
BA24:0.743002
BA25:0.790866
BA26:0.640149
BA27:0.728986
BA28:0.659497
BA29:0.700637
BA30:0.783940
BA31:0.472595
BA32:0.707593
BA33:0.779325
BA34:0.694898
BA35:0.675852
BA36:0.967685
BA37:0.969448
BA38:0.707175
BA39:0.974609
BA40:0.591841
BA41:0.730295
BA42:0.628742
BA43:0.624437
BA44:0.660447
BA45:0.717179
BA46:0.647957
BA47:0.665751
BA48:0.662413
BA49:0.967685
BA50:0.689016
BA51:0.749333
BA52:0.675515
BA53:0.733659
BA54:0.733017
BA55:0.637158
BA56:0.717516
BA57:0.769041
BA58:0.698847
BA59:0.625732
BA60:0.607763
BA61:0.669726
BA62:0.618679
BA63:0.971503
BA64:0.974609
BA65:0.590770
BA66:0.651654
BA67:0.683152
BA68:0.691461
BA69:0.720205
BA70:0.656960
BA71:0.606068
BA72:0.635552
BA73:0.551420
BA74:0.745960
BA75:0.730671
BA76:0.968755
BA77:0.612866
BA78:0.672266
BA79:0.789006
BA80:0.675522
BA81:0.967685
BA82:0.662375
BA83:0.689348
BA84:0.682905
BA85:0.731334
BA86:0.969448
BA87:0.647578
BA88:0.600834
BA89:0.966735
BA90:0.967685
BA91:0.968772
BA92:0.969448
BA93:0.651240
BA94:0.658067
BA95:0.699082
BA96:0.736756
BA97:0.647919
BA98:0.972003
BA99:0.969448
BA100:0.967685
BA101:0.673164
BA102:0.590886
BA103:0.615994
BA104:0.711479
BA105:0.668574
BA106:0.567581
BA107:0.720154
BA108:0.746145
BA109:0.756520
BA110:0.688972
BA111:0.730192
BA112:0.700437
BA113:0.969448
BA114:0.972641
BA115:0.753472
BA116:0.968772
BA117:0.733475
BA118:0.968772
BA119:0.679893
BA120:0.601564
BA121:0.984786
BA122:0.969448
BA123:0.974609
BA124:0.587016
BA125:0.969448
BA126:0.574024
BA127:0.702544
BA128:0.707281
BA129:0.694490
BA130:0.570141
BA131:0.967685
BA132:0.659662
BA133:0.690927
BA134:0.643251
BA135:0.710037
BA136:0.620394
BA137:0.676027
BA138:0.969448
BA139:0.791003
BA140:0.686791
BA141:0.717150
BA142:0.663721
BA143:0.706512
BA144:0.730976
BA145:0.637347
BA146:0.969448
BA147:0.719878
BA148:0.626545
BA149:0.651630
BA150:0.967679
BA151:0.696706
BA152:0.724921
BA153:0.635647
BA154:0.648699
BA155:0.729483
BA156:0.969448
BA157:0.684575
BA158:0.728058
BA159:0.665029
BA160:0.969448
BA161:0.980963
BA162:0.774117
BA163:0.709541
BA164:0.775754
BA165:0.742790
BA166:0.712119
BA167:0.661577
BA168:0.969448
BA169:0.701178
BA170:0.642624
BA171:0.581886
BA172:0.682398
BA173:0.765611
BA174:0.518008
BA175:0.580082
BA176:0.777064
BA177:0.616450
BA178:0.652499
BA179:0.575520
BA180:0.714367
BA181:0.747088
BA182:0.718052
BA183:0.604699
BA184:0.967943
BA185:0.564015
BA186:0.682778
BA187:0.609464
BA188:0.705729
BA189:0.734985
BA190:0.582892
BA191:0.567703
BA192:0.720090
BA193:0.610106
BA194:0.724070
BA195:0.665156
BA196:0.642720
BA197:0.639163
BA198:0.717911
BA199:0.704262
BA200:0.634737
BA201:0.740986
BA202:0.639910
BA203:0.696174
BA204:0.670033
BA205:0.672103
BA206:0.652879
BA207:0.783663
BA208:0.688971
BA209:0.969448
BA210:0.671150
BA211:0.730560
BA212:0.969448
BA213:0.810177
BA214:0.535915
BA215:0.687428
BA216:0.669421
BA217:0.969448
BA218:0.970072
BA219:0.676666
BA220:0.974714
BA221:0.655686
BA222:0.662664
BA223:0.802142
BA224:0.443862
BA225:0.967685
BA226:0.728045
BA227:0.646925
BA228:0.664125
BA229:0.758348
BA230:0.639880
BA231:0.726513
BA232:0.725698
BA233:0.730826
BA234:0.798144
BA235:0.969448
BA236:0.970990
BA237:0.731328
BA238:0.677793
BA239:0.736137
BA240:0.787761
BA241:0.970934
BA242:0.967679
BA243:0.711595
BA244:0.673393
BA245:0.639419
BA246:0.969448
BA247:0.713870
BA248:0.655653
BA249:0.967685
BA250:0.764661
BA251:0.637665
BA252:0.641936
BA253:0.803093
BA254:0.656804
BA255:0.775704
