BA0:0.996119
BA1:0.996770
BA2:0.784770
BA3:0.635476
BA4:0.698344
BA5:0.696135
BA6:0.996165
BA7:0.995297
BA8:0.807801
BA9:0.534518
BA10:0.703288
BA11:0.769831
BA12:0.735918
BA13:0.770695
BA14:0.993633
BA15:0.771192
BA16:0.658395
BA17:0.768252
BA18:0.764720
BA19:0.773478
BA20:0.820765
BA21:0.993203
BA22:0.803641
BA23:0.822212
BA24:0.802918
BA25:0.853643
BA26:0.693731
BA27:0.782829
BA28:0.730010
BA29:0.754129
BA30:0.838573
BA31:0.527657
BA32:0.756257
BA33:0.848155
BA34:0.748269
BA35:0.733063
BA36:0.994980
BA38:0.761821
BA40:0.654283
BA41:0.794921
BA42:0.696725
BA43:0.671031
BA44:0.725094
BA45:0.763124
BA46:0.718980
BA47:0.723218
BA48:0.720996
BA49:0.995845
BA50:0.749787
BA51:0.815714
BA52:0.739234
BA53:0.796604
BA54:0.799691
BA55:0.705138
BA56:0.787545
BA57:0.829712
BA58:0.748718
BA59:0.699996
BA60:0.679681
BA61:0.715183
BA62:0.686552
BA65:0.645886
BA66:0.694930
BA67:0.751337
BA68:0.745329
BA69:0.784592
BA70:0.711136
BA71:0.657306
BA72:0.695262
BA73:0.607229
BA74:0.799865
BA75:0.785785
BA76:0.994364
BA77:0.673812
BA78:0.737098
BA79:0.855821
BA80:0.735384
BA81:0.995769
BA82:0.745834
BA83:0.752207
BA84:0.724521
BA85:0.806923
BA86:0.999209
BA87:0.714023
BA88:0.657454
BA90:0.995810
BA91:0.996259
BA92:0.998420
BA93:0.694434
BA94:0.705806
BA95:0.769372
BA96:0.789061
BA97:0.726539
BA98:0.993631
BA99:0.998549
BA100:0.995046
BA101:0.736789
BA102:0.660477
BA103:0.675199
BA104:0.777475
BA105:0.725342
BA106:0.622189
BA107:0.790369
BA108:0.810080
BA109:0.814145
BA110:0.759786
BA111:0.777191
BA112:0.751355
BA113:0.997047
BA114:0.994566
BA115:0.809989
BA116:0.996412
BA117:0.793331
BA118:0.995999
BA119:0.736925
BA120:0.654665
BA121:0.996871
BA122:0.997100
BA124:0.636419
BA125:0.996228
BA126:0.631961
BA127:0.756446
BA128:0.771890
BA129:0.762339
BA130:0.616983
BA131:0.994005
BA132:0.713772
BA133:0.747499
BA134:0.704367
BA135:0.773185
BA136:0.677675
BA137:0.722844
BA138:0.996194
BA139:0.832915
BA140:0.745546
BA141:0.773513
BA142:0.727449
BA143:0.762946
BA144:0.793051
BA145:0.702539
BA146:0.996119
BA147:0.786003
BA148:0.678708
BA149:0.701064
BA151:0.759298
BA152:0.767643
BA153:0.688749
BA154:0.705207
BA155:0.788967
BA156:0.998140
BA157:0.724366
BA158:0.792568
BA159:0.715842
BA160:0.996346
BA161:0.992886
BA162:0.838028
BA163:0.757033
BA164:0.832236
BA165:0.806297
BA166:0.771649
BA167:0.718947
BA168:0.996194
BA169:0.764766
BA170:0.694766
BA171:0.642528
BA172:0.748439
BA173:0.818587
BA174:0.564936
BA175:0.631399
BA176:0.833207
BA177:0.680326
BA178:0.713090
BA179:0.642935
BA180:0.754171
BA181:0.810414
BA182:0.766121
BA183:0.662625
BA185:0.611119
BA186:0.751694
BA187:0.649102
BA188:0.757422
BA189:0.792340
BA190:0.639254
BA191:0.636364
BA192:0.775510
BA193:0.679195
BA194:0.785475
BA195:0.741063
BA196:0.712627
BA197:0.704172
BA198:0.763299
BA199:0.763837
BA200:0.693199
BA201:0.809763
BA202:0.708293
BA203:0.754789
BA204:0.741789
BA205:0.733442
BA206:0.697086
BA207:0.822188
BA208:0.740303
BA210:0.718013
BA211:0.773415
BA213:0.859349
BA214:0.590872
BA215:0.742642
BA216:0.735723
BA217:0.998549
BA218:0.995870
BA219:0.757139
BA220:0.993419
BA221:0.722975
BA222:0.715009
BA223:0.858655
BA224:0.490736
BA225:0.994959
BA226:0.784113
BA227:0.711875
BA228:0.735504
BA229:0.822732
BA230:0.682605
BA231:0.767064
BA232:0.786348
BA233:0.785020
BA234:0.857097
BA235:0.999209
BA237:0.784357
BA238:0.740100
BA239:0.793792
BA240:0.843406
BA243:0.766422
BA244:0.730998
BA245:0.709316
BA246:0.996768
BA247:0.782927
BA248:0.705517
BA249:0.995099
BA250:0.796464
BA251:0.687753
BA252:0.713455
BA253:0.851824
BA254:0.714759
BA255:0.843219
